0 50 0.02
1 2 0.5
2 2 0.5
3 4 0.25
4 1 1.0
5 1 1.0
6 1 1.0
7 4 0.25
8 1 1.0
9 6 0.16666666666666666
10 1 1.0
11 1 1.0
12 1 1.0
13 3 0.3333333333333333
14 4 0.25
15 1 1.0
16 2 0.5
17 3 0.3333333333333333
18 1 1.0
19 3 0.3333333333333333
20 5 0.2
21 8 0.125
22 2 0.5
23 1 1.0
24 1 1.0
25 8 0.125
26 7 0.14285714285714285
27 1 1.0
28 3 0.3333333333333333
29 3 0.3333333333333333
30 3 0.3333333333333333
31 4 0.25
32 1 1.0
33 2 0.5
34 1 1.0
35 1 1.0
36 1 1.0
37 1 1.0
38 2 0.5
39 3 0.3333333333333333
40 5 0.2
41 7 0.14285714285714285
42 2 0.5
43 1 1.0
44 3 0.3333333333333333
45 1 1.0
46 1 1.0
47 1 1.0
48 3 0.3333333333333333
49 1 1.0
50 1 1.0
