0 1 0.5 0.02
0 2 0.5 0.02
0 3 0.25 0.02
0 4 1.0 0.02
0 5 1.0 0.02
0 6 1.0 0.02
0 7 0.25 0.02
0 8 1.0 0.02
0 9 0.16666666666666666 0.02
0 10 1.0 0.02
0 11 1.0 0.02
0 12 1.0 0.02
0 13 0.3333333333333333 0.02
0 14 0.25 0.02
0 15 1.0 0.02
0 16 0.5 0.02
0 17 0.3333333333333333 0.02
0 18 1.0 0.02
0 19 0.3333333333333333 0.02
0 20 0.2 0.02
0 21 0.125 0.02
0 22 0.5 0.02
0 23 1.0 0.02
0 24 1.0 0.02
0 25 0.125 0.02
0 26 0.14285714285714285 0.02
0 27 1.0 0.02
0 28 0.3333333333333333 0.02
0 29 0.3333333333333333 0.02
0 30 0.3333333333333333 0.02
0 31 0.25 0.02
0 32 1.0 0.02
0 33 0.5 0.02
0 34 1.0 0.02
0 35 1.0 0.02
0 36 1.0 0.02
0 37 1.0 0.02
0 38 0.5 0.02
0 39 0.3333333333333333 0.02
0 40 0.2 0.02
0 41 0.14285714285714285 0.02
0 42 0.5 0.02
0 43 1.0 0.02
0 44 0.3333333333333333 0.02
0 45 1.0 0.02
0 46 1.0 0.02
0 47 1.0 0.02
0 48 0.3333333333333333 0.02
0 49 1.0 0.02
0 50 1.0 0.02
1 48 0.3333333333333333 0.5
2 20 0.2 0.5
3 9 0.16666666666666666 0.25
3 25 0.125 0.25
3 26 0.14285714285714285 0.25
7 22 0.5 0.25
7 31 0.25 0.25
7 38 0.5 0.25
9 21 0.125 0.16666666666666666
9 25 0.125 0.16666666666666666
9 26 0.14285714285714285 0.16666666666666666
9 30 0.3333333333333333 0.16666666666666666
13 21 0.125 0.3333333333333333
13 26 0.14285714285714285 0.3333333333333333
14 20 0.2 0.25
14 28 0.3333333333333333 0.25
14 41 0.14285714285714285 0.25
16 29 0.3333333333333333 0.5
17 19 0.3333333333333333 0.3333333333333333
17 41 0.14285714285714285 0.3333333333333333
19 41 0.14285714285714285 0.3333333333333333
20 41 0.14285714285714285 0.2
20 44 0.3333333333333333 0.2
21 25 0.125 0.125
21 26 0.14285714285714285 0.125
21 31 0.25 0.125
21 39 0.3333333333333333 0.125
21 40 0.2 0.125
25 26 0.14285714285714285 0.125
25 31 0.25 0.125
25 39 0.3333333333333333 0.125
25 40 0.2 0.125
26 40 0.2 0.14285714285714285
28 41 0.14285714285714285 0.3333333333333333
29 40 0.2 0.3333333333333333
30 48 0.3333333333333333 0.3333333333333333
33 42 0.5 0.5
41 44 0.3333333333333333 0.14285714285714285
