0 50 0.02
21 8 0.125
25 8 0.125
26 7 0.14285714285714285
41 7 0.14285714285714285
9 6 0.16666666666666666
20 5 0.2
40 5 0.2
3 4 0.25
7 4 0.25
14 4 0.25
31 4 0.25
13 3 0.3333333333333333
17 3 0.3333333333333333
19 3 0.3333333333333333
28 3 0.3333333333333333
29 3 0.3333333333333333
30 3 0.3333333333333333
39 3 0.3333333333333333
44 3 0.3333333333333333
48 3 0.3333333333333333
1 2 0.5
2 2 0.5
16 2 0.5
22 2 0.5
33 2 0.5
38 2 0.5
42 2 0.5
4 1 1.0
5 1 1.0
6 1 1.0
8 1 1.0
10 1 1.0
11 1 1.0
12 1 1.0
15 1 1.0
18 1 1.0
23 1 1.0
24 1 1.0
27 1 1.0
32 1 1.0
34 1 1.0
35 1 1.0
36 1 1.0
37 1 1.0
43 1 1.0
45 1 1.0
46 1 1.0
47 1 1.0
49 1 1.0
50 1 1.0
